3 0.08850056369785793 0.6323437304271577 0.06200676437429538 0.3226857071276462
3 0.029875986471251406 0.6213203056495051 0.05975197294250281 0.34072403858198663
3 0.5783540022547915 0.6403607666290868 0.04058624577226602 0.2144557184016034
3 0.4802705749718152 0.6573969685581861 0.047350620067643734 0.292621821370412
3 0.4064261555806088 0.6854565952649381 0.03720405862457717 0.2525366403607666
3 0.37147688838782417 0.6303394713766753 0.0259301014656144 0.23850682700739065
3 0.45321307779030434 0.6463735437805336 0.027057497181510754 0.1703620192909932
1 0.798196166854566 0.6413628961543278 0.1623449830890641 0.1723662783414757
1 0.6482525366403609 0.6463735437805336 0.08117249154453227 0.138293874483277
4 0.3449830890642616 0.48302643116622823 0.03382187147688846 0.15633220593761749
4 0.7886133032694477 0.47500939496429906 0.04396843291995495 0.13628961543279466
3 0.9075535512965051 0.6383565075786045 0.036076662908680814 0.17036201929099343
