2 0.8173618940248027 0.6904672428911437 0.09470124013528747 0.09820869347363143
2 0.6882750845546787 0.7105098333959664 0.04622322435174752 0.1463109106852061
3 0.040586245772266064 0.6764374295377678 0.05186020293122886 0.4509582863585118
3 0.09751972942502818 0.6654140047601151 0.03720405862457723 0.40486032819741946
3 0.18038331454340473 0.758612050607541 0.1217587373167982 0.36677940623825633
3 0.43630214205186024 0.6523863209319805 0.07891770011273955 0.24251534510835526
3 0.5248027057497181 0.6624076161843918 0.0349492671927846 0.2665664537141426
3 0.5704622322435174 0.6724289114368031 0.0405862457722661 0.23850682700739065
3 0.2886133032694476 0.6223224351747464 0.06764374295377679 0.21445571840160355
3 0.9808342728297632 0.7077038676670346 0.038331454340473525 0.43732931869871905
4 0.3540022547914318 0.5311286483778028 0.0405862457722661 0.2084429412501565
