3 0.05524239007891771 0.6233245646999874 0.05411499436302144 0.32068144807716403
3 0.1273957158962796 0.6203181761242641 0.05186020293122885 0.2785920080170362
3 0.2869222096956031 0.5992734560942001 0.0259301014656144 0.12827257923086555
3 0.20913190529875986 0.5922585494175122 0.016910935738444197 0.22648127270449714
3 0.32243517474633593 0.6503820618814982 0.03382187147688835 0.21846423650256802
3 0.3771138669673055 0.6403607666290867 0.0326944757609921 0.17036201929099334
3 0.6319052987598647 0.6473756733057746 0.02818489289740704 0.1443066516347237
1 0.8015783540022547 0.6553927095077039 0.18263810597519722 0.26456219466366027
1 0.9661781285231116 0.6656144276069068 0.06764374295377679 0.2449204498524209
0 0.15952649379932357 0.7856695477890518 0.0439684329199549 0.37680070149066774
4 0.3540022547914318 0.4730051359138169 0.03382187147688839 0.1483151697356884
4 0.7874859075535514 0.48302643116622823 0.04396843291995495 0.12827257923086563
