1 0.9470124013528749 0.6674182638105975 0.10597519729425031 0.23249404985594396
0 0.15952649379932357 0.7686333458599524 0.0822998872604284 0.34272829763246887
4 0.346674182638106 0.46599022923712896 0.052987598647125156 0.15833646498809975
4 0.7863585118376551 0.5040711511962921 0.05298759864712508 0.22648127270449706
3 0.5140924464487036 0.6533884504572217 0.038331454340473456 0.36878366528873857
3 0.4503945885005638 0.6834523362144558 0.046223224351747444 0.2645621946636602
3 0.049041713641488155 0.6353501190028811 0.05524239007891771 0.31266441187523475
3 0.11724915445321309 0.6163096580232995 0.047350620067643734 0.2024301640987099
3 0.3320180383314543 0.6654140047601154 0.0236753100338219 0.20042590504822763
3 0.2773393461104848 0.6203181761242641 0.031567080045095786 0.1222598020794188
3 0.3799323562570463 0.671426781911562 0.029312288613303324 0.21245145935112114
