3 0.03494926719278467 0.6443692847300514 0.0608793686583991 0.5070775397720155
3 0.10541149943630213 0.6022798446699236 0.052987598647125135 0.26656645371414256
3 0.40135287485907556 0.6553927095077039 0.03382187147688839 0.19240886884629838
3 0.45321307779030434 0.6433671552048102 0.038331454340473456 0.18439183264436934
3 0.3179255918827508 0.6754353000125266 0.042841037204058595 0.3086558937742703
4 0.3449830890642616 0.5140924464487036 0.03382187147688846 0.16635350119002887
4 0.7863585118376551 0.5351371664787673 0.0326944757609921 0.2244770136540148
3 0.8562570462232243 0.6523863209319805 0.02367531003382197 0.21846423650256797
3 0.8900789177001127 0.6533884504572217 0.02367531003382183 0.1763747964424403
1 0.6910935738444194 0.6363522485281223 0.12852311161217586 0.14230239258424157
1 0.593010146561443 0.6383565075786045 0.056369785794813866 0.1423023925842415
0 0.1685456595264938 0.7816610296880872 0.059751972942502805 0.39684329199549034
