3 0.6640360766629086 0.6614054866591507 0.0586245772266065 0.2846047851684829
3 0.4464487034949267 0.6383565075786045 0.042841037204058664 0.19441312789678072
3 0.3314543404735062 0.6393586371038457 0.05186020293122883 0.20844294125015644
3 0.12965050732807215 0.6163096580232995 0.03607666290868094 0.2104472003006388
3 0.20293122886133033 0.627333082800952 0.03833145434047349 0.20042590504822755
3 0.2773393461104848 0.6163096580232995 0.02931228861330329 0.1423023925842415
0 0.18263810597519728 0.7846674182638105 0.051860202931228866 0.3627708881372918
3 0.8134160090191657 0.6453714142552925 0.057497181510710364 0.2124514593511212
4 0.346674182638106 0.4710008768633346 0.052987598647125156 0.10422147062507832
4 0.7869222096956031 0.4770136540147814 0.0473506200676438 0.09219591632218467
1 0.5439684329199549 0.6173117875485407 0.10710259301014659 0.08818739822121997
