4 0.350620067643743 0.4820243016409871 0.0473506200676438 0.18639609169485155
4 0.782412626832018 0.51108605787298 0.02931228861330325 0.17637479644244017
0 0.1645997745208568 0.7736439934861582 0.1149943630214205 0.35274959288488034
3 0.6330326944757609 0.7044970562445195 0.08455467869222105 0.4349242139546537
3 0.5129650507328073 0.6864587247901791 0.10822998872604281 0.5110860578729801
1 0.7542277339346112 0.6614054866591507 0.11950394588500543 0.21645997745208567
3 0.41770011273957164 0.6363522485281222 0.046223224351747444 0.21846423650256797
3 0.21984216459977454 0.5531754979331079 0.02705749718151072 0.08017036201929095
3 0.16629086809470123 0.5421520731554554 0.052987598647125135 0.05812351246398599
3 0.9374295377677566 0.6343479894776399 0.05298759864712523 0.15833646498809975
3 0.8416009019165728 0.6393586371038457 0.02367531003382197 0.16034072403858182
3 0.8923337091319052 0.6513841914067393 0.028184892897406968 0.15633220593761749
