3 0.8861330326944759 0.7314292872353753 0.1510710259301014 0.5371414255292496
3 0.963923337091319 0.6125015627691266 0.07215332581736192 0.6678191095041808
3 0.4188275084554679 0.6413628961543278 0.04622322435174752 0.1723662783414757
3 0.3151071025930101 0.6473756733057746 0.03494926719278464 0.2405110860578729
3 0.08793686583990981 0.6363522485281223 0.04284103720405863 0.2785920080170362
3 0.14261555806087936 0.6042841037204059 0.04847801578354002 0.21846423650256788
3 0.18827508455467867 0.5722159589126895 0.03156708004509582 0.182387573593887
3 0.22886133032694478 0.5301265188525618 0.02254791431792562 0.15432794688713522
4 0.3483652762119504 0.4870349492671927 0.03607666290868096 0.17637479644244017
4 0.7790304396843293 0.5000626330953275 0.05411499436302137 0.20243016409870976
3 0.48139797068771145 0.6283352123261932 0.027057497181510754 0.09820869347363156
