1 0.875422773393461 0.6904672428911437 0.23337091319052988 0.2785920080170362
4 0.3416009019165728 0.46097958161092323 0.038331454340473456 0.1483151697356884
4 0.7908680947012402 0.4880370787924339 0.04396843291995495 0.08217462106977322
3 0.39571589627959414 0.6513841914067393 0.04509582863585116 0.1723662783414756
3 0.6037204058624578 0.6173117875485407 0.03720405862457731 0.15633220593761749
3 0.07440811724915446 0.6283352123261932 0.05862457722660654 0.2826005261180008
3 0.14205186020293123 0.5932606789427534 0.05411499436302144 0.23650256795690844
3 0.2125140924464487 0.5451584617311788 0.05749718151071025 0.17637479644244025
3 0.3139797068771139 0.6333458599523989 0.052987598647125156 0.21645997745208576
0 0.14825253664036075 0.7816610296880873 0.05524239007891771 0.3447325566829512
