4 0.3365276211950395 0.5070775397720155 0.0326944757609921 0.23249404985594388
4 0.8004509582863585 0.4970562445196042 0.045095828635851085 0.12827257923086563
0 0.17023675310033823 0.7576099210823 0.11048478015783542 0.3206814480771639
1 0.07046223224351747 0.6443692847300514 0.0822998872604284 0.13027683828134784
1 0.9577226606538894 0.6836527590612473 0.08455467869222105 0.24091193175145634
3 0.8579481397970687 0.663409745709633 0.060879368658399075 0.3968432919954904
3 0.7508455467869223 0.7075034448202431 0.0473506200676438 0.34473255668295116
3 0.8049605411499436 0.7075034448202431 0.03156708004509568 0.28059626706751856
3 0.4622322435174746 0.6293373418514343 0.042841037204058595 0.26857071276462485
3 0.5197294250281849 0.6754353000125266 0.05862457722660658 0.4329199549041713
3 0.5986471251409244 0.7185268695978955 0.06313416009019171 0.42289865965176
3 0.6764374295377678 0.7155204810221721 0.060879368658399075 0.4409369911061005
