3 0.4520856820744081 0.6964800200425905 0.047350620067643734 0.31466867092571715
3 0.5045095828635852 0.677439559063009 0.039458850056369815 0.2645621946636602
3 0.6116121758737316 0.6644118752348741 0.06426155580608778 0.2866090442189653
2 0.5653889515219842 0.758612050607541 0.0326944757609921 0.16635350119002879
1 0.7204058624577226 0.6393586371038457 0.1307779030439684 0.12827257923086563
2 0.9210822998872604 0.700488538143555 0.1397970687711387 0.21846423650256797
0 0.1657271702367531 0.7696354753851935 0.1262683201803833 0.38080921959163233
4 0.3461104847801578 0.503069021671051 0.03607666290868096 0.15633220593761749
4 0.7970687711386697 0.5211073531253915 0.03156708004509582 0.0921959163221846
3 0.3179255918827508 0.6293373418514343 0.02931228861330329 0.16434924213954652
