3 0.3816234498308906 0.6653513716647876 0.1206313416009019 0.5289991231366654
3 0.5101465614430665 0.6924715019416259 0.10484780157835402 0.46699235876237
3 0.8083427282976325 0.6072904922961293 0.15332581736189396 0.4489540273080294
2 0.7564825253664037 0.9089314793937118 0.0653889515219842 0.17036201929099334
2 0.4870349492671927 0.7766503820618814 0.03607666290868089 0.11023424777652507
2 0.29988726042841035 0.8197419516472505 0.04735062006764377 0.13228109733183005
1 0.6668545659526494 0.6503820618814982 0.0665163472378805 0.1463109106852061
1 0.9453213077790305 0.6764374295377678 0.06426155580608793 0.2545408994112488
1 0.5941375422773393 0.6353501190028811 0.03607666290868096 0.12025554302893653
0 0.16290868094701239 0.7786546411123638 0.10033821871476886 0.35475385193536263
